-1108.469367
-1108.255453
-1108.262172
-1108.329852
-1107.396834
-1108.591626
-1107.915082
-1107.79795
-1109.23167
-1108.380084
-1108.29264
-1107.300987
-1108.469391
-1108.52869
-1108.567057
-1108.381764
-1108.569364
-1108.569034
-1108.450519
-1108.503015
-1108.554929
-1108.393256
-1108.46702
-1108.499597
-1108.460995
-1109.089321
-1108.458581
-1107.090962
-1108.469388
-1106.667683
-1108.568502
-1107.77081
-1107.914505
-1107.691282
-1108.469385
-1108.426744
-1108.968425
-1108.213428
-1108.458574
-1108.308258
-1108.968429
-1108.316927
-1108.284104
-1107.601731
-1107.921417
-1108.567773
-1108.466948
-1107.47932
-1109.195596
-1108.866527
-1108.458511
-1108.525044
-1109.231669
-1108.169158
-1108.569565
-1107.871774
-1108.275052
-1107.554758
-1109.195595
-1108.520752