0.011
0.059
0.005
0.061
0.061
-0.026
0.061
-0.020
0.005
0.062
-0.026
0.061
0.059
-0.034
0.062
-0.026
0.021
0.041
0.017
0.032
0.032
0.044
0.033
0.027
0.017
0.031
0.029
0.033
0.041
0.046
0.031
0.044
0.024
0.035
0.027
0.031
0.031
0.018
0.031
0.028
0.027
0.031
0.028
0.031
0.035
0.031
0.031
0.018
0.012
0.059
0.005
0.061
0.062
-0.027
0.061
-0.021
0.005
0.062
-0.026
0.061
0.059
-0.034
0.062
-0.026
0.007
0.044
0.001
0.034
0.047
0.044
0.037
0.025
0.003
0.024
0.031
0.038
0.053
0.047
0.047
0.043
0.022
0.051
0.027
0.031
0.031
0.002
0.036
0.032
0.032
0.051
0.025
0.049
0.034
0.022
0.031
0.001
-0.026
0.061
-0.025
0.061
0.061
-0.026
0.060
-0.026
-0.026
0.061
-0.026
0.061
0.061
-0.026
0.061
-0.026
0.030
0.045
0.025
0.033
0.029
0.034
0.034
0.019
0.029
0.029
0.030
0.040
0.023
0.019
0.029
0.030
0.019
0.034
0.032
0.023
0.040
0.027
0.034
0.029
0.029
0.030
0.021
0.029
0.033
0.028
0.041
0.031
0.011
0.061
0.005
0.059
0.059
-0.025
0.062
-0.035
0.004
0.061
-0.027
0.062
0.062
-0.021
0.062
-0.026
0.028
0.050
0.023
0.053
0.039
0.021
0.037
0.010
0.028
0.031
0.028
0.047
0.023
0.018
0.030
0.021
0.014
0.038
0.040
0.034
0.051
0.023
0.042
0.010
0.038
0.033
0.042
0.038
0.051
0.028
0.047
0.032
-0.027
0.063
-0.021
0.064
0.064
-0.027
0.063
0.005
-0.036
0.064
-0.027
0.061
0.061
0.005
0.064
0.012
0.041
0.035
0.008
0.037
0.032
0.030
0.035
0.028
0.028
0.032
0.041
0.039
0.039
0.028
0.037
0.013
0.030
0.033
0.025
0.036
0.031
0.004
0.033
0.020
0.029
0.031
0.030
0.033
0.033
0.020
0.036
0.009
0.019
0.058
0.008
0.055
0.060
-0.026
0.062
-0.007
-0.003
0.062
-0.026
0.057
0.062
0.008
0.061
0.005
0.043
0.031
0.032
0.030
0.019
0.029
0.032
0.027
0.050
0.030
0.037
0.035
0.025
0.028
0.024
0.026
0.026
0.034
0.044
0.036
0.031
0.027
0.038
0.009
0.044
0.031
0.049
0.039
0.033
0.020
0.036
0.030
-0.033
0.053
-0.024
0.065
0.053
-0.006
0.063
-0.025
-0.026
0.063
-0.022
0.057
0.059
-0.024
0.052
-0.005
0.030
0.018
0.030
0.030
0.030
0.030
0.030
0.030
0.031
0.031
0.030
0.017
0.031
0.031
0.030
0.030
0.024
0.020
0.029
0.030
0.030
0.046
0.025
0.034
0.030
0.034
0.035
0.019
0.030
0.030
0.030
0.040
-0.032
0.052
-0.022
0.065
0.065
0.007
0.057
-0.024
-0.026
0.061
-0.018
0.056
0.054
0.015
0.061
0.005
0.036
0.031
0.032
0.029
0.025
0.036
0.026
0.033
0.033
0.031
0.031
0.027
0.026
0.033
0.021
0.031
0.022
0.012
0.031
0.032
0.032
0.050
0.039
0.051
0.031
0.031
0.036
0.020
0.039
0.031
0.032
0.045
-0.023
0.060
-0.026
0.060
0.057
0.005
0.061
-0.026
-0.019
0.061
-0.034
0.061
0.056
0.005
0.056
0.003
0.030
0.017
0.045
0.030
0.030
0.030
0.029
0.031
0.050
0.023
0.050
0.018
0.023
0.032
0.034
0.029
0.030
0.029
0.030
0.029
0.030
0.029
0.029
0.030
0.029
0.029
0.029
0.029
0.029
0.029
0.029
0.029
-0.019
0.061
-0.026
0.060
0.062
0.022
0.054
-0.024
-0.021
0.061
-0.038
0.058
0.053
0.004
0.057
0.018
0.037
0.021
0.046
0.019
0.025
0.036
0.027
0.032
0.050
0.014
0.051
0.017
0.022
0.033
0.033
0.031
0.029
0.030
0.028
0.032
0.032
0.038
0.030
0.028
0.027
0.031
0.022
0.030
0.030
0.032
0.032
0.040
-0.024
0.062
-0.024
0.060
0.060
-0.024
0.056
-0.025
-0.025
0.061
-0.026
0.061
0.057
-0.024
0.064
-0.026
0.030
0.027
0.032
0.029
0.040
0.031
0.027
0.032
0.032
0.021
0.031
0.027
0.031
0.032
0.038
0.030
0.037
0.038
0.034
0.026
0.029
0.036
0.019
0.034
0.034
0.028
0.032
0.038
0.010
0.034
0.026
0.032
0.018
0.057
0.001
0.064
0.062
-0.030
0.059
-0.019
-0.004
0.061
-0.007
0.058
0.055
-0.031
0.065
-0.023
0.023
0.029
0.031
0.029
0.040
0.040
0.029
0.031
0.030
0.021
0.031
0.029
0.034
0.036
0.039
0.041
0.043
0.031
0.032
0.027
0.031
0.035
0.017
0.033
0.029
0.033
0.051
0.029
0.011
0.032
0.027
0.032
-0.026
0.059
-0.034
0.062
0.061
0.011
0.059
0.005
-0.020
0.061
-0.026
0.061
0.061
0.005
0.062
-0.026
0.044
0.041
0.046
0.031
0.032
0.021
0.041
0.017
0.027
0.032
0.044
0.033
0.033
0.017
0.031
0.029
0.018
0.035
0.031
0.031
0.031
0.024
0.035
0.027
0.028
0.031
0.018
0.031
0.031
0.027
0.031
0.028
-0.026
0.058
-0.035
0.062
0.061
0.014
0.058
0.005
-0.021
0.061
-0.027
0.061
0.061
0.005
0.062
-0.026
0.036
0.055
0.042
0.051
0.035
0.005
0.051
0.014
0.026
0.047
0.035
0.039
0.036
0.016
0.035
0.023
0.015
0.034
0.016
0.045
0.035
0.023
0.050
0.016
0.028
0.031
0.016
0.033
0.046
0.019
0.055
0.016
0.013
0.061
0.006
0.054
0.059
-0.025
0.062
-0.033
0.008
0.057
-0.026
0.066
0.062
-0.020
0.061
-0.026
0.031
0.028
0.031
0.027
0.030
0.031
0.019
0.035
0.035
0.027
0.031
0.024
0.019
0.031
0.028
0.031
0.029
0.031
0.045
0.030
0.030
0.028
0.036
0.020
0.045
0.030
0.049
0.036
0.031
0.030
0.030
0.028
0.014
0.057
0.002
0.048
0.057
-0.024
0.062
-0.020
0.006
0.056
-0.024
0.062
0.060
-0.020
0.060
-0.028
0.033
0.027
0.034
0.036
0.022
0.032
0.016
0.037
0.037
0.038
0.032
0.024
0.017
0.033
0.027
0.032
0.031
0.018
0.047
0.027
0.030
0.039
0.042
0.025
0.046
0.016
0.053
0.014
0.039
0.035
0.026
0.030
0.006
0.061
0.013
0.054
0.061
-0.020
0.062
-0.026
-0.026
0.057
0.007
0.065
0.062
-0.025
0.059
-0.033
0.028
0.030
0.020
0.036
0.031
0.029
0.030
0.045
0.030
0.031
0.028
0.030
0.030
0.045
0.036
0.049
0.031
0.031
0.035
0.019
0.028
0.031
0.027
0.031
0.031
0.019
0.031
0.028
0.027
0.035
0.024
0.031
-0.003
0.061
0.008
0.054
0.056
-0.022
0.060
-0.023
0.005
0.056
0.019
0.056
0.065
-0.032
0.051
-0.027
0.029
0.019
0.023
0.029
0.029
0.029
0.029
0.038
0.035
0.033
0.029
0.019
0.025
0.046
0.029
0.033
0.050
0.023
0.050
0.018
0.029
0.030
0.029
0.031
0.044
0.017
0.030
0.030
0.033
0.032
0.023
0.029
-0.024
0.058
-0.005
0.060
0.060
-0.026
0.056
-0.022
-0.006
0.061
-0.024
0.062
0.052
-0.033
0.064
-0.024
0.023
0.030
0.029
0.019
0.029
0.039
0.030
0.029
0.029
0.019
0.035
0.033
0.029
0.033
0.025
0.045
0.029
0.030
0.030
0.029
0.029
0.029
0.029
0.030
0.029
0.029
0.029
0.029
0.029
0.029
0.029
0.029
0.006
0.059
0.000
0.059
0.056
0.003
0.055
-0.023
0.001
0.060
-0.031
0.061
0.044
0.002
0.059
0.002
0.023
0.018
0.043
0.019
0.029
0.046
0.028
0.030
0.048
0.005
0.047
0.022
0.025
0.045
0.030
0.047
0.029
0.029
0.029
0.029
0.029
0.029
0.029
0.029
0.029
0.029
0.029
0.028
0.029
0.029
0.029
0.029
-0.024
0.063
-0.034
0.059
0.064
-0.024
0.058
0.006
-0.020
0.061
-0.025
0.062
0.057
0.007
0.059
0.013
0.035
0.031
0.031
0.018
0.024
0.035
0.027
0.031
0.031
0.018
0.031
0.028
0.027
0.031
0.028
0.031
0.028
0.036
0.020
0.030
0.029
0.050
0.036
0.046
0.030
0.030
0.028
0.032
0.032
0.046
0.030
0.028
-0.025
0.062
-0.030
0.057
0.064
-0.025
0.050
0.021
-0.029
0.061
-0.021
0.061
0.048
0.022
0.053
0.005
0.049
0.032
0.032
0.001
0.024
0.036
0.027
0.032
0.051
0.003
0.050
0.022
0.031
0.031
0.022
0.034
0.028
0.031
0.022
0.030
0.030
0.031
0.031
0.039
0.029
0.029
0.027
0.032
0.032
0.038
0.030
0.028
0.011
0.059
0.005
0.061
0.061
-0.026
0.061
-0.021
0.005
0.062
-0.026
0.061
0.059
-0.035
0.062
-0.026
0.009
0.038
0.029
0.036
0.032
0.045
0.033
0.026
0.027
0.031
0.020
0.033
0.038
0.049
0.036
0.044
0.027
0.031
0.024
0.035
0.031
0.028
0.031
0.018
0.028
0.030
0.027
0.031
0.031
0.018
0.035
0.031
0.013
0.058
0.005
0.061
0.061
-0.027
0.061
-0.021
0.005
0.062
-0.026
0.061
0.058
-0.036
0.062
-0.026
0.010
0.050
0.015
0.055
0.034
0.045
0.036
0.015
0.021
0.032
0.018
0.052
0.037
0.044
0.046
0.044
0.019
0.032
0.022
0.033
0.045
0.029
0.031
0.015
0.023
0.032
0.020
0.042
0.051
0.016
0.050
0.017
0.005
0.061
0.012
0.059
0.061
-0.020
0.061
-0.026
-0.026
0.061
0.005
0.062
0.062
-0.026
0.059
-0.035
0.026
0.032
0.019
0.038
0.033
0.027
0.032
0.037
0.026
0.033
0.026
0.036
0.036
0.037
0.038
0.054
0.018
0.031
0.028
0.031
0.031
0.028
0.031
0.027
0.031
0.031
0.018
0.035
0.035
0.027
0.031
0.024
0.002
0.060
0.012
0.056
0.060
-0.021
0.058
-0.025
-0.024
0.061
0.001
0.062
0.058
-0.027
0.054
-0.025
0.029
0.029
0.022
0.038
0.022
0.029
0.029
0.039
0.033
0.038
0.037
0.046
0.037
0.038
0.032
0.047
0.018
0.031
0.031
0.029
0.050
0.029
0.045
0.035
0.023
0.030
0.017
0.032
0.050
0.030
0.030
0.023
0.005
0.061
-0.026
0.062
0.061
-0.020
0.061
-0.026
0.012
0.061
0.005
0.059
0.059
-0.026
0.062
-0.035
0.024
0.031
0.027
0.035
0.035
0.018
0.031
0.030
0.027
0.031
0.028
0.031
0.031
0.028
0.031
0.018
0.046
0.031
0.042
0.041
0.038
0.028
0.032
0.023
0.017
0.033
0.045
0.031
0.032
0.027
0.038
0.018
0.010
0.056
-0.026
0.057
0.061
-0.032
0.056
-0.027
-0.025
0.057
0.008
0.059
0.056
-0.028
0.061
-0.033
0.026
0.030
0.028
0.034
0.037
0.020
0.020
0.037
0.033
0.029
0.030
0.026
0.020
0.029
0.030
0.020
0.044
0.033
0.018
0.039
0.039
0.016
0.033
0.020
0.018
0.035
0.043
0.033
0.033
0.024
0.035
0.016
-0.026
0.059
-0.034
0.062
0.061
0.011
0.059
0.005
-0.020
0.061
-0.026
0.061
0.061
0.005
0.062
-0.026
0.044
0.041
0.046
0.031
0.032
0.021
0.041
0.017
0.027
0.032
0.044
0.033
0.033
0.017
0.031
0.029
0.018
0.035
0.031
0.031
0.031
0.024
0.035
0.027
0.028
0.031
0.018
0.031
0.031
0.027
0.031
0.028
-0.027
0.055
-0.005
0.062
0.062
0.015
0.053
0.009
-0.003
0.064
-0.027
0.055
0.062
0.008
0.062
-0.027
0.030
0.039
0.043
0.035
0.034
0.033
0.036
0.018
0.025
0.034
0.030
0.035
0.036
0.015
0.035
0.041
0.024
0.025
0.034
0.034
0.029
0.026
0.035
0.014
0.030
0.030
0.019
0.020
0.026
0.014
0.031
0.022
0.006
0.057
-0.025
0.062
0.062
-0.018
0.062
-0.025
0.013
0.065
0.008
0.056
0.059
-0.026
0.062
-0.034
0.031
0.027
0.031
0.028
0.018
0.035
0.030
0.031
0.031
0.024
0.035
0.027
0.028
0.031
0.019
0.031
0.045
0.030
0.049
0.036
0.031
0.030
0.030
0.028
0.029
0.031
0.045
0.030
0.030
0.028
0.036
0.020
0.038
0.058
-0.024
0.061
0.059
-0.022
0.061
-0.024
0.023
0.065
0.015
0.055
0.055
-0.020
0.059
-0.032
0.035
0.006
0.034
0.026
0.020
0.038
0.036
0.034
0.040
0.012
0.040
0.015
0.039
0.058
0.017
0.035
0.044
0.032
0.050
0.041
0.023
0.031
0.028
0.029
0.030
0.044
0.046
0.029
0.028
0.029
0.034
0.023
-0.024
0.053
-0.033
0.065
0.051
-0.024
0.059
-0.005
-0.022
0.063
-0.026
0.057
0.063
-0.006
0.053
-0.025
0.046
0.030
0.034
0.025
0.020
0.024
0.030
0.029
0.030
0.030
0.040
0.030
0.034
0.030
0.019
0.035
0.030
0.030
0.030
0.030
0.018
0.030
0.030
0.030
0.031
0.031
0.030
0.030
0.031
0.031
0.016
0.030
-0.024
0.053
-0.016
0.064
0.061
0.013
0.058
0.007
0.002
0.058
-0.025
0.057
0.063
-0.003
0.059
-0.024
0.049
0.036
0.050
0.027
0.021
0.019
0.037
0.018
0.024
0.031
0.044
0.036
0.039
0.018
0.021
0.037
0.021
0.032
0.040
0.030
0.031
0.027
0.033
0.028
0.040
0.031
0.018
0.037
0.036
0.020
0.030
0.024
0.005
0.062
-0.026
0.061
0.059
-0.034
0.062
-0.026
0.011
0.059
0.005
0.061
0.061
-0.026
0.061
-0.020
0.017
0.031
0.029
0.033
0.041
0.046
0.031
0.044
0.021
0.041
0.017
0.032
0.032
0.044
0.033
0.027
0.027
0.031
0.028
0.031
0.035
0.031
0.031
0.018
0.024
0.035
0.027
0.031
0.031
0.018
0.031
0.028
0.006
0.062
-0.025
0.057
0.059
-0.034
0.062
-0.026
0.014
0.056
0.008
0.065
0.062
-0.026
0.062
-0.018
0.017
0.029
0.031
0.032
0.052
0.047
0.031
0.046
0.015
0.038
0.016
0.030
0.052
0.046
0.047
0.028
0.031
0.046
0.036
0.018
0.038
0.020
0.030
0.019
0.031
0.044
0.029
0.045
0.018
0.027
0.023
0.031
-0.026
0.061
-0.026
0.061
0.061
-0.027
0.061
-0.026
-0.025
0.061
-0.026
0.060
0.061
-0.026
0.061
-0.026
0.024
0.032
0.017
0.030
0.050
0.034
0.045
0.029
0.018
0.029
0.030
0.031
0.050
0.023
0.030
0.030
0.030
0.053
0.028
0.046
0.021
0.022
0.029
0.029
0.029
0.046
0.031
0.029
0.038
0.019
0.032
0.018
-0.027
0.062
-0.028
0.062
0.058
-0.027
0.058
-0.032
-0.022
0.062
-0.015
0.056
0.065
-0.021
0.057
-0.028
0.025
0.024
0.017
0.030
0.051
0.032
0.041
0.038
0.023
0.032
0.025
0.021
0.051
0.029
0.030
0.024
0.031
0.053
0.028
0.046
0.021
0.023
0.029
0.030
0.029
0.046
0.031
0.030
0.039
0.018
0.032
0.018
0.012
0.061
0.005
0.059
0.059
-0.026
0.062
-0.034
0.005
0.061
-0.026
0.062
0.061
-0.020
0.061
-0.026
0.027
0.035
0.024
0.031
0.031
0.030
0.035
0.018
0.028
0.031
0.027
0.031
0.031
0.018
0.031
0.028
0.017
0.038
0.046
0.032
0.032
0.023
0.041
0.018
0.045
0.032
0.042
0.038
0.033
0.028
0.031
0.027
0.012
0.061
0.005
0.059
0.059
-0.026
0.062
-0.034
0.005
0.062
-0.027
0.062
0.062
-0.020
0.061
-0.026
0.023
0.053
0.028
0.050
0.037
0.010
0.039
0.022
0.028
0.046
0.028
0.031
0.030
0.021
0.023
0.018
0.020
0.036
0.035
0.037
0.038
0.020
0.051
0.013
0.039
0.031
0.043
0.037
0.048
0.032
0.051
0.026
-0.027
0.061
-0.026
0.061
0.061
-0.026
0.061
-0.026
-0.026
0.061
-0.026
0.061
0.061
-0.025
0.060
-0.026
0.029
0.029
0.031
0.046
0.021
0.029
0.029
0.022
0.030
0.046
0.028
0.053
0.038
0.018
0.032
0.019
0.018
0.031
0.030
0.029
0.050
0.029
0.045
0.034
0.024
0.030
0.017
0.032
0.050
0.030
0.030
0.023
-0.027
0.059
-0.035
0.062
0.062
0.012
0.059
0.004
-0.020
0.061
-0.026
0.061
0.061
0.004
0.062
-0.026
0.038
0.038
0.053
0.051
0.024
0.019
0.038
0.018
0.027
0.047
0.038
0.054
0.041
0.015
0.038
0.017
0.017
0.032
0.025
0.036
0.050
0.028
0.045
0.022
0.022
0.031
0.016
0.034
0.051
0.018
0.036
0.025
-0.024
0.057
-0.025
0.060
0.061
-0.026
0.060
-0.025
-0.024
0.064
-0.026
0.057
0.062
-0.024
0.061
-0.024
0.032
0.039
0.031
0.031
0.027
0.032
0.028
0.031
0.031
0.028
0.032
0.039
0.021
0.031
0.027
0.032
0.037
0.016
0.032
0.022
0.038
0.034
0.026
0.032
0.032
0.027
0.034
0.016
0.024
0.032
0.038
0.037
-0.021
0.056
-0.025
0.060
0.057
-0.004
0.057
-0.023
-0.020
0.065
-0.032
0.052
0.065
-0.020
0.057
-0.004
0.033
0.031
0.032
0.029
0.025
0.034
0.027
0.032
0.036
0.029
0.034
0.033
0.014
0.036
0.026
0.033
0.035
0.017
0.030
0.025
0.041
0.042
0.027
0.031
0.030
0.029
0.026
0.017
0.025
0.035
0.037
0.043
-0.027
0.065
-0.004
0.057
0.063
-0.027
0.049
-0.032
-0.006
0.057
-0.024
0.059
0.052
-0.021
0.063
-0.026
0.031
0.027
0.034
0.029
0.029
0.040
0.020
0.033
0.029
0.029
0.024
0.031
0.021
0.035
0.032
0.041
0.030
0.030
0.030
0.030
0.030
0.030
0.018
0.030
0.030
0.030
0.031
0.031
0.017
0.030
0.031
0.031
-0.022
0.052
-0.000
0.062
0.060
0.003
0.058
-0.033
-0.006
0.056
-0.031
0.052
0.062
0.007
0.061
0.005
0.036
0.024
0.049
0.026
0.020
0.039
0.018
0.035
0.044
0.034
0.044
0.029
0.023
0.032
0.016
0.047
0.029
0.029
0.029
0.029
0.029
0.029
0.029
0.030
0.030
0.029
0.029
0.029
0.029
0.030
0.029
0.029
-0.021
0.061
-0.026
0.061
0.061
0.005
0.059
0.012
-0.026
0.062
-0.035
0.059
0.061
-0.026
0.062
0.005
0.027
0.030
0.028
0.031
0.031
0.028
0.031
0.018
0.024
0.031
0.027
0.035
0.035
0.018
0.031
0.031
0.020
0.031
0.027
0.033
0.033
0.045
0.032
0.026
0.029
0.038
0.009
0.036
0.036
0.049
0.038
0.044
-0.022
0.061
-0.026
0.061
0.061
-0.005
0.058
-0.024
-0.025
0.061
-0.033
0.058
0.061
-0.025
0.062
-0.006
0.033
0.050
0.020
0.029
0.029
0.035
0.021
0.020
0.017
0.051
0.035
0.050
0.038
0.017
0.029
0.033
0.021
0.033
0.028
0.032
0.047
0.036
0.050
0.029
0.032
0.022
0.020
0.034
0.037
0.035
0.046
0.034
-0.024
0.060
0.003
0.058
0.062
-0.025
0.056
-0.025
0.001
0.058
0.012
0.053
0.060
-0.021
0.060
-0.028
0.032
0.030
0.029
0.028
0.018
0.046
0.022
0.053
0.038
0.029
0.021
0.029
0.018
0.029
0.029
0.045
0.029
0.030
0.029
0.029
0.029
0.029
0.029
0.029
0.029
0.030
0.030
0.029
0.029
0.030
0.029
0.029
0.001
0.057
0.012
0.052
0.062
-0.015
0.061
-0.031
0.002
0.051
0.016
0.060
0.061
-0.023
0.058
-0.033
0.030
0.029
0.025
0.030
0.024
0.049
0.006
0.054
0.035
0.024
0.032
0.030
0.020
0.044
0.018
0.051
0.029
0.029
0.029
0.029
0.029
0.029
0.029
0.029
0.029
0.029
0.029
0.029
0.029
0.030
0.029
0.030
0.005
0.061
-0.026
0.062
0.061
-0.020
0.061
-0.026
0.012
0.061
0.005
0.059
0.059
-0.026
0.062
-0.035
0.028
0.031
0.027
0.031
0.031
0.018
0.031
0.028
0.027
0.035
0.024
0.031
0.031
0.031
0.035
0.018
0.045
0.032
0.042
0.038
0.033
0.028
0.031
0.027
0.017
0.038
0.046
0.032
0.032
0.022
0.041
0.018
0.006
0.055
-0.027
0.060
0.060
0.006
0.060
-0.027
0.008
0.056
0.006
0.055
0.062
0.008
0.060
0.006
0.028
0.031
0.027
0.031
0.031
0.018
0.030
0.027
0.027
0.035
0.024
0.031
0.031
0.031
0.035
0.018
0.043
0.020
0.042
0.020
0.030
0.042
0.032
0.049
0.017
0.038
0.044
0.020
0.027
0.023
0.034
0.044
-0.026
0.060
-0.023
0.060
0.056
0.005
0.056
0.003
-0.034
0.061
-0.019
0.061
0.061
0.005
0.057
-0.026
0.029
0.029
0.030
0.029
0.029
0.030
0.029
0.030
0.029
0.029
0.029
0.029
0.029
0.029
0.029
0.029
0.030
0.030
0.031
0.029
0.017
0.030
0.030
0.045
0.032
0.023
0.029
0.034
0.023
0.050
0.018
0.050
0.006
0.063
-0.023
0.058
0.057
0.010
0.047
0.006
0.006
0.057
0.009
0.064
0.053
0.007
0.059
-0.036
0.032
0.030
0.031
0.017
0.032
0.032
0.019
0.036
0.036
0.016
0.031
0.025
0.019
0.031
0.028
0.032
0.049
0.030
0.048
0.037
0.020
0.032
0.029
0.043
0.031
0.027
0.047
0.033
0.021
0.049
0.026
0.042
-0.025
0.062
0.008
0.062
0.062
-0.025
0.056
-0.034
0.006
0.062
0.013
0.059
0.057
-0.018
0.065
-0.026
0.030
0.031
0.028
0.030
0.030
0.045
0.036
0.049
0.028
0.030
0.020
0.036
0.031
0.029
0.030
0.045
0.035
0.024
0.031
0.027
0.030
0.035
0.019
0.031
0.031
0.027
0.031
0.028
0.018
0.031
0.028
0.031
0.007
0.061
0.025
0.057
0.060
-0.022
0.054
-0.033
0.006
0.061
0.022
0.057
0.057
-0.021
0.061
-0.035
0.026
0.030
0.008
0.028
0.034
0.042
0.038
0.051
0.017
0.031
0.021
0.031
0.034
0.043
0.035
0.051
0.034
0.026
0.029
0.029
0.032
0.024
0.024
0.032
0.029
0.029
0.026
0.034
0.019
0.030
0.030
0.019
-0.024
0.056
-0.026
0.064
0.061
-0.025
0.061
-0.026
-0.024
0.060
-0.025
0.057
0.062
-0.024
0.061
-0.024
0.038
0.027
0.032
0.022
0.017
0.034
0.039
0.032
0.032
0.026
0.033
0.019
0.040
0.032
0.020
0.037
0.032
0.028
0.031
0.040
0.028
0.032
0.027
0.031
0.031
0.039
0.032
0.031
0.027
0.031
0.021
0.032
-0.024
0.051
0.008
0.064
0.061
-0.023
0.062
-0.019
0.008
0.062
0.018
0.051
0.063
-0.034
0.059
-0.024
0.039
0.025
0.034
0.021
0.002
0.039
0.040
0.034
0.034
0.021
0.038
0.017
0.039
0.034
0.004
0.038
0.050
0.035
0.046
0.040
0.029
0.030
0.030
0.031
0.046
0.040
0.030
0.034
0.034
0.022
0.021
0.030
0.003
0.058
-0.024
0.060
0.056
-0.025
0.062
-0.025
0.012
0.053
0.001
0.058
0.060
-0.028
0.060
-0.021
0.029
0.028
0.032
0.030
0.022
0.053
0.018
0.046
0.021
0.029
0.038
0.029
0.029
0.045
0.018
0.029
0.029
0.029
0.029
0.030
0.029
0.029
0.029
0.029
0.030
0.029
0.029
0.030
0.029
0.029
0.029
0.030
0.007
0.062
-0.025
0.056
0.057
-0.002
0.058
-0.021
0.011
0.048
-0.006
0.054
0.060
-0.029
0.061
-0.002
0.029
0.028
0.032
0.030
0.021
0.053
0.018
0.046
0.021
0.029
0.038
0.029
0.029
0.045
0.018
0.030
0.030
0.028
0.028
0.021
0.027
0.039
0.028
0.034
0.034
0.020
0.023
0.032
0.028
0.034
0.031
0.041
